Column
0.00032226751001281854
0.0003225792740391205
0.00032289154103414994
0.00032320431213453735
0.00032351758848021654
0.0003238313712144379
0.0003241456614837783
0.000324460460438156
0.00032477576923083953
0.00032509158901846015
0.0003254079209610263
0.00032572476622193177
0.00032604212596797153
0.00032636000136935145
0.00032667839359970107
0.0003269973038360867
0.0003273167332590217
0.000327636683052482
0.0003279571544039155
0.00032827814850425614
0.00032859966654793534
0.0003289217097328958
0.0003292442792606042
0.00032956737633606096
0.0003298910021678188
0.00033021515796798756
0.00033053984495225473
0.0003308650643398942
0.00033119081735377893
0.0003315171052203964
0.00033184392916985967
0.00033217129043592046
0.00033249919025598495
0.0003328276298711222
0.00033315661052608296
0.00033348613346930887
0.0003338161999529474
0.0003341468112328653
0.00033447796856866236
0.0003348096732236838
0.00033514192646503556
0.0003354747295635961
0.00033580808379403263
0.00033614199043481227
0.00033647645076821696
0.00033681146608035905
0.00033714703766119165
0.00033748316680452654
0.0003378198548080452
0.0003381571029733152
0.0003384949126058031
0.0003388332850148883
0.00033917222151388086
0.0003395117234200297
0.00033985179205454316
0.0003401924287425999
0.00034053363481336584
0.00034087541160000563
0.0003412177604397007
0.00034156068267366286
0.00034190417964714804
0.0003422482527094728
0.0003425929032140287
0.00034293813251829656
0.00034328394198386277
0.00034363033297643575
0.00034397730686585546
0.00034432486502611705
0.0003446730088353787
0.000345021739675982
0.0003453710589344658
0.0003457209680015806
0.0003460714682723061
0.00034642256114586695
0.0003467742480257459
0.0003471265303197023
0.00034747940943978875
0.0003478328868023636
0.00034818696382810934
0.0003485416419420489
0.00034889692257356254
0.0003492528071564004
0.00034960929712870355
0.0003499663939330171
0.0003503240990163084
0.00035068241382998363
0.00035104133982990235
0.0003514008784763984
0.00035176103123429105
0.00035212179957290734
0.0003524831849660949
0.0003528451888922429
0.0003532078128342936
0.0003535710582797664
0.0003539349267207694
0.0003542994196540194
0.0003546645385808581
0.0003550302850072725
0.0003553966604439069
0.0003557636664060868
0.00035613130441383126
0.00035649957599187613
0.00035686848266968524
0.0003572380259814754
0.00035760820746622766
0.00035797902866771227
0.00035835049113450157
0.00035872259641998974
0.00035909534608241243
0.00035946874168486456
0.0003598427847953178
0.00036021747698664037
0.00036059281983661496
0.0003609688149279598
0.00036134546384834277
0.0003617227681904049
0.00036210072955177773
0.0003624793495351019
0.00036285862974804817
0.000363238571803333
0.00036361917731874316
0.00036400044791714994
0.0003643823852265334
0.0003647649908799973
0.0003651482665157949
0.0003655322137773413
0.0003659168343132406
0.0003663021297773009
0.00036668810182855546
0.00036707475213128483
0.00036746208235503635
0.00036785009417464266
0.0003682387892702439
0.00036862816932730887
0.0003690182360366527
0.0003694089910944613
0.00036980043620231173
0.00037019257306718895
0.00037058540340151173
0.00037097892892315075
0.0003713731513554531
0.00037176807242726
0.0003721636938729298
0.0003725600174323597
0.00037295704485100815
0.0003733547778799131
0.0003737532182757193
0.0003741523678006952
0.00037455222822275715
0.0003749528013154937
0.0003753540888581823
0.00037575609263581675
0.00037615881443912814
0.00037656225606460533
0.00037696641931452197
0.0003773713059969531
0.0003777769179258055
0.00037818325692083333
0.0003785903248076664
0.0003789981234178317
0.0003794066545887746
0.0003798159201638866
0.00038022592199252414
0.0003806366619300383
0.0003810481418377889
0.0003814603635831794
0.0003818733290396732
0.00038228704008682056
0.0003827014986102821
0.00038311670650185433
0.00038353266565949195
0.0003839493779873342
0.0003843668453957294
0.0003847850698012567
0.00038520405312675673
0.0003856237973013502
0.00038604430426046843
0.0003864655759458739
0.00038688761430569164
0.0003873104212944255
0.00038773399887299443
0.00038815834900874843
0.00038858347367550514
0.0003890093748535602
0.00038943605452973164
0.0003898635146973719
0.0003902917573564027
0.0003907207845133342
0.0003911505981812997
0.0003915812003800746
0.00039201259313610887
0.00039244477848255233
0.000392877758459279
0.0003933115351129196
0.00039374611049688323
0.0003941814866713896
0.0003946176657034939
0.0003950546496671147
0.00039549244064306295
0.00039593104071907083
0.00039637045198981385
0.0003968106765569497
0.00039725171652913864
0.0003976935740220692
0.0003981362511585005
0.0003985797500682757
0.00039902407288836043
0.00039946922176286833
0.00039991519884309193
0.0004003620062875304
0.00040080964626191954
0.00040125812093926255
0.0004017074324998598
0.00040215758313133537
0.00040260857502867294
0.0004030604103942413
0.00040351309143782583
0.000403966620376664
0.00040442099943546327
0.0004048762308464496
0.0004053323168493827
0.0004057892596915979
0.00040624706162802965
0.000406705724921249
0.0004071652518414931
0.0004076256446666947
0.00040808690568251704
0.000408549037182385
0.0004090120414675175
0.0004094759208469597
0.0004099406776376142
0.0004104063141642768
0.0004108728327596673
0.0004113402357644592
0.00041180852552732397
0.0004122777044049501
0.00041274777476208764
0.0004132187389715744
0.00041369059941437716
0.00041416335847961746
0.00041463701856461434
0.00041511158207490994
0.0004155870514243138
0.0004160634290349266
0.00041654071733718474
0.0004170189187698896
0.00041749803578024507
0.00041797807082389195
0.000418459026364946
0.00041894090487602727
0.0004194237088383052
0.0004199074407415274
0.0004203921030840586
0.00042087769837291836
0.00042136422912381543
0.00042185169786118464
0.0004223401071182272
0.0004228294594369446
0.0004233197573681758
0.00042381100347163586
0.0004243032003159576
0.00042479635047872
0.0004252904565464983
0.00042578552111489194
0.00042628154678856764
0.00042677853618130004
0.000427276491916008
0.00042777541662479096
0.000428275312948978
0.00042877618353915286
0.00042927803105520805
0.0004297808581663781
0.0004302846675512729
0.00043078946189793586
0.0004312952439038653
0.0004318020162760668
0.00043230978173109075
0.0004328185429950744
0.00043332830280378256
0.0004338390639026468
0.00043435082904681456
0.00043486360100117993
0.000435377382540437
0.000435892176449116
0.00043640798552162707
0.00043692481256230395
0.0004374426603854477
0.0004379615318153668
0.00043848142968642544
0.0004390023568430811
0.00043952431613993677
0.000440047310441777
0.0004405713426236167
0.00044109641557074636
0.00044162253217877427
0.0004421496953536736
0.00044267790801182756
0.00044320717308007283
0.00044373749349575125
0.00044426887220674655
0.00044480131217153795
0.00044533481635924813
0.0004458693877496818
0.00044640502933338135
0.0004469417441116668
0.00044747953509669095
0.00044801840531148024
0.00044855835778998655
0.0004490993955771345
0.00044964152172887096
0.0004501847393122118
0.00045072905140529286
0.0004512744610974185
0.00045182097148911037
0.0004523685856921608
0.0004529173068296744
0.00045346713803613167
0.0004540180824574285
0.0004545701432509274
0.000455123323585517
0.0004556776266416564
0.0004562330556114287
0.00045678961369859274
0.0004573473041186376
0.00045790613009883064
0.0004584660948782752
0.0004590272017079589
0.00045958945385081294
0.00046015285458175716
0.00046071740718776503
0.00046128311496790655
0.00046184998123341165
0.0004624180093077191
0.000462987202526536
0.00046355756423788934
0.00046412909780218397
0.0004647018065922581
0.0004652756939934395
0.0004658507634036019
0.0004664270182332211
0.0004670044619054337
0.0004675830978560945
0.000468162929533834
0.00046874396040011467
0.0004693261939292902
0.0004699096336086681
0.000470494282938564
0.0004710801454323601
0.0004716672246165715
0.0004722555240308994
0.0004728450472282948
0.0004734357977750177
0.00047402777925069974
0.00047462099524840515
0.00047521544937469064
0.0004758111452496683
0.0004764080865070692
0.000477006276794303
0.0004776057197725281
0.00047820641911670424
0.00047880837851566385
0.0004794116016721754
0.0004800160923030038
0.00048062185413898066
0.0004812288909250641
0.000481837206420408
0.00048244680439842757
0.00048305768864686003
0.0004836698629678401
0.00048428333117796186
0.0004848980971083421
0.0004855141646046967
0.0004861315375274024
0.000486750219751568
0.00048737021516710233
0.000487991527678781
0.0004886141612063197
0.0004892381196844429
0.0004898634070629524
0.0004904900273068006
0.0004911179843961604
0.0004917472823264958
0.0004923779251086349
0.0004930099167688405
0.0004936432613488886
0.0004942779629061305
0.0004949140255135783
0.0004955514532599706
0.0004961902502498487
0.0004968304206036352
0.0004974719684577025
0.0004981148979644538
0.0004987592132923983
0.0004994049186262235
0.0005000520181668761
0.0005007005161316411
0.0005013504167542097
0.0005020017242847703
0.0005026544429900805
0.0005033085771535461
0.000503964131075297
0.0005046211090722767
0.0005052795154783165
0.000505939354644213
0.000506600630937819
0.000507263348744114
0.0005079275124652964
0.0005085931265208614
0.0005092601953476826
0.0005099287234000975
0.0005105987151499926
0.0005112701750868902
0.0005119431077180236
0.0005126175175684327
0.0005132934091810492
0.0005139707871167769
0.0005146496559545837
0.0005153300202915857
0.0005160118847431437
0.0005166952539429362
0.0005173801325430636
0.0005180665252141317
0.0005187544366453363
0.0005194438715445664
0.0005201348346384841
0.0005208273306726179
0.0005215213644114612
0.0005222169406385591
0.0005229140641566056
0.0005236127397875294
0.0005243129723726014
0.0005250147667725162
0.0005257181278674938
0.0005264230605573787
0.0005271295697617305
0.0005278376604199244
0.0005285473374912437
0.0005292586059549899
0.0005299714708105614
0.0005306859370775787
0.0005314020097959593
0.0005321196940260378
0.0005328389948486533
0.0005335599173652588
0.0005342824666980201
0.0005350066479899195
0.0005357324664048626
0.0005364599271277762
0.000537189035364718
0.0005379197963429769
0.0005386522153111867
0.0005393862975394259
0.0005401220483193248
0.000540859472964183
0.0005415985768090601
0.000542339365210904
0.0005430818435486493
0.0005438260172233277
0.0005445718916581864
0.0005453194722987914
0.0005460687646131465
0.0005468197740917986
0.0005475725062479655
0.0005483269666176336
0.0005490831607596796
0.0005498410942559947
0.0005506007727115891
0.0005513622017547127
0.0005521253870369783
0.0005528903342334699
0.0005536570490428762
0.0005544255371875957
0.0005551958044138647
0.0005559678564918864
0.0005567416992159345
0.0005575173384044928
0.0005582947799003722
0.0005590740295708333
0.0005598550933077202
0.0005606379770275701
0.0005614226866717617
0.0005622092282066215
0.0005629976076235667
0.000563787830939231
0.0005645799041955884
0.0005653738334600893
0.000566169624825794
0.0005669672844114993
0.0005677668183618697
0.0005685682328475831
0.0005693715340654539
0.0005701767282385717
0.0005709838216164407
0.0005717928204751095
0.0005726037311173219
0.0005734165598726393
0.0005742313130975938
0.0005750479971758244
0.0005758666185182171
0.0005766871835630424
0.0005775096987761144
0.0005783341706509162
0.0005791606057087549
0.0005799890104989102
0.0005808193915987672
0.0005816517556139857
0.0005824861091786263
0.0005833224589553131
0.000584160811635386
0.0005850011739390401
0.0005858435526154885
0.0005866879544431117
0.0005875343862296146
0.0005883828548121763
0.0005892333670576092
0.0005900859298625192
0.0005909405501534605
0.0005917972348870907
0.0005926559910503397
0.0005935168256605684
0.0005943797457657226
0.0005952447584445062
0.000596111870806543
0.0005969810899925386
0.0005978524231744462
0.0005987258775556419
0.000599601460371084
0.0006004791788874855
0.0006013590404034907
0.0006022410522498316
0.0006031252217895171
0.0006040115564180026
0.0006049000635633532
0.0006057907506864363
0.0006066836252810864
0.0006075786948742949
0.0006084759670263724
0.0006093754493311502
0.0006102771494161474
0.0006111810749427539
0.0006120872336064251
0.0006129956331368578
0.000613906281298175
0.0006148191858891284
0.000615734354743264
0.000616651795729138
0.0006175715167504824
0.000618493525746423
0.0006194178306916458
0.0006203444395966189
0.0006212733605077717
0.000622204601507698
0.0006231381707153546
0.0006240740762862569
0.0006250123264126895
0.0006259529293239034
0.0006268958932863175
0.0006278412266037334
0.0006287889376175256
0.0006297390347068716
0.0006306915262889391
0.0006316464208191165
0.0006326037267912156
0.0006335634527376766
0.0006345256072298008
0.0006354901988779557
0.0006364572363317987
0.0006374267282804906
0.0006383986834529197
0.0006393731106179216
0.000640350018584514
0.000641329416202102
0.0006423113123607197
0.0006432957159912591
0.0006442826360656872
0.0006452720815972928
0.0006462640616409055
0.0006472585852931355
0.0006482556616926184
0.0006492553000202376
0.0006502575094993688
0.0006512622993961276
0.0006522696790196063
0.00065327965772211
0.0006542922448994193
0.0006553074499910166
0.0006563252824803635
0.0006573457518951134
0.0006583688678074061
0.0006593946398340808
0.0006604230776369628
0.0006614541909231033
0.0006624879894450517
0.0006635244830011017
0.0006645636814355629
0.0006656055946390251
0.0006666502325486216
0.0006676976051483039
0.0006687477224690969
0.0006698005945893862
0.0006708562316351886
0.0006719146437804121
0.000672975841247162
0.0006740398343059894
0.0006751066332761932
0.0006761762485260968
0.0006772486904733302
0.0006783239695851219
0.0006794020963785802
0.0006804830814209973
0.000681566935330127
0.0006826536687744925
0.0006837432924736738
0.000684835817198609
0.0006859312537719034
0.0006870296130681243
0.0006881309060141057
0.0006892351435892581
0.0006903423368258829
0.0006914524968094724
0.0006925656346790459
0.0006936817616274263
0.0006948008889016102
0.0006959230278030371
0.0006970481896879551
0.0006981763859677161
0.0006993076281091199
0.0007004419276347299
0.0007015792961232266
0.0007027197452097128
0.0007038632865860791
0.0007050099320013242
0.0007061596932618947
0.0007073125822320498
0.0007084686108341917
0.0007096277910492013
0.0007107901349168238
0.0007119556545359882
0.0007131243620651873
0.0007142962697228224
0.0007154713897875782
0.0007166497345987673
0.0007178313165567111
0.0007190161481231101
0.0007202042418214048
0.00072139561023716
0.000722590266018434
0.0007237882218761693
0.0007249894905845595
0.0007261940849814508
0.0007274020179687193
0.0007286133025126642
0.0007298279516443989
0.0007310459784602646
0.0007322673961222039
0.0007334922178581713
0.0007347204569625607
0.0007359521267965757
0.0007371872407886727
0.000738425812434956
0.0007396678552996076
0.0007409133830152916
0.0007421624092836017
0.000743414947875456
0.0007446710126315544
0.0007459306174627975
0.0007471937763507296
0.0007484605033479597
0.0007497308125786335
0.0007510047182388475
0.0007522822345971277
0.0007535633759948577
0.0007548481568467431
0.0007561365916412684
0.0007574286949411707
0.0007587244813838881
0.000760023965682034
0.0007613271626238748
0.0007626340870738121
0.0007639447539728321
0.0007652591783390341
0.0007665773752680745
0.0007678993599336826
0.0007692251475881505
0.0007705547535628267
0.0007718881932686173
0.0007732254821964878
0.0007745666359179896
0.0007759116700857556
0.0007772606004340158
0.0007786134427791343
0.0007799702130201122
0.0007813309271391463
0.0007826956012021169
0.0007840642513591789
0.0007854368938452514
0.0007868135449806002
0.0007881942211713607
0.0007895789389101116
0.0007909677147764183
0.0007923605654374036
0.0007937575076482876
0.0007951585582530199
0.0007965637341847696
0.0007979730524665834
0.0007993865302119051
0.0008008041846252111
0.0008022260330025723
0.0008036520927322823
0.0008050823812954027
0.0008065169162664466
0.0008079557153139182
0.0008093987962009739
0.0008108461767860233
0.0008122978750233546
0.000813753908963781
0.0008152142967552573
0.0008166790566435126
0.000818148206972726
0.0008196217661861594
0.0008210997528268001
0.0008225821855380407
0.0008240690830643364
0.000825560464251868
0.0008270563480492424
0.0008285567535081434
0.0008300616997840305
0.0008315712061368419
0.0008330852919316694
0.0008346039766394905
0.0008361272798378409
0.0008376552212115565
0.0008391878205534933
0.0008407250977652252
0.000842267072857808
0.0008438137659524919
0.0008453651972814841
0.0008469213871886812
0.0008484823561304304
0.0008500481246762907
0.0008516187135098062
0.0008531941434292654
0.000854774435348487
0.0008563596102976098
0.0008579496894238796
0.0008595446939924438
0.0008611446453871641
0.0008627495651114348
0.0008643594747889651
0.0008659743961646478
0.0008675943511053691
0.0008692193616008364
0.0008708494497644492
0.0008724846378341162
0.0008741249481731527
0.0008757704032711117
0.0008774210257446839
0.0008790768383385543
0.0008807378639263027
0.0008824041255112871
0.0008840756462275656
0.0008857524493407718
0.0008874345582490819
0.000889121996484061
0.0008908147877116933
0.0008925129557332299
0.0008942165244861792
0.0008959255180452797
0.0008976399606234152
0.0008993598765726209
0.0009010852903850633
0.0009028162266939804
0.0009045527102747501
0.0009062947660458303
0.0009080424190698044
0.000909795694554395
0.0009115546178534709
0.0009133192144681421
0.0009150895100477324
0.0009168655303908781
0.0009186473014465887
0.0009204348493153143
0.0009222282002500362
0.0009240273806573207
0.0009258324170984733
0.000927643336290618
0.0009294601651078182
0.0009312829305822009
0.0009331116599051133
0.0009349463804282546
0.000936787119664839
0.0009386339052907657
0.0009404867651457804
0.000942345727234688
0.0009442108197285341
0.0009460820709658256
0.0009479595094537122
0.0009498431638692793
0.0009517330630607248
0.0009536292360486565
0.0009555317120273132
0.000957440520365873
0.0009593556906097031
0.0009612772524816808
0.0009632052358835042
0.0009651396708969431
0.0009670805877852819
0.0009690280169945453
0.0009709819891549091
0.0009729425350820865
0.0009749096857786153
0.0009768834724353497
0.0009788639264327818
0.000980851079342488
0.0009828449629285577
0.0009848456091490145
0.0009868530501572542
0.0009888673183035559
0.0009908884461364846
0.0009929164664044695
0.0009949514120572219
0.0009969933162472882
0.00099904221233159
0.0010010981338729368
0.0010031611146416066
0.001005231188616894
0.0010073083899887218
0.0010093927531591939
0.0010114843127442868
0.0010135831035753694
0.0010156891607009512
0.0010178025193882387
0.0010199232151249006
0.0010220512836206972
0.0010241867608091699
0.0010263296828494463
0.0010284800861278367
0.001030638007259702
0.0010328034830911679
0.0010349765507008948
0.001037157247401914
0.0010393456107433796
0.0010415416785124795
0.0010437454887362134
0.0010459570796832896
0.0010481764898659718
0.001050403758042059
0.0010526389232166644
0.0010548820246443261
0.0010571331018307717
0.0010593921945350356
0.0010616593427713403
0.001063934586811217
0.0010662179671853875
0.0010685095246859354
0.0010708093003682882
0.001073117335553348
0.0010754336718295514
0.001077758351055021
0.001080091415359708
0.001082432907147517
0.0010847828690985265
0.0010871413441711827
0.0010895083756044873
0.0010918840069203033
0.0010942682819255632
0.0010966612447145866
0.0010990629396713714
0.001101473411471942
0.0011038927050867025
0.0011063208657827457
0.0011087579391263899
0.001111203970985425
0.0011136590075317252
0.0011161230952435757
0.001118596280908241
0.0011210786116244808
0.0011235701348050583
0.001126070898179278
0.0011285809497956821
0.0011311003380245278
0.001133629111560507
0.0011361673194254175
0.0011387150109707924
0.001141272235880673
0.00114383904417432
0.0011464154862090151
0.00114900161268278
0.001151597474637314
0.0011542031234607556
0.00115681861089062
0.0011594439890166184
0.001162079310283725
0.00116472462749504
0.001167379993814817
0.0011700454627714826
0.0011727210882607115
0.0011754069245484993
0.0011781030262742337
0.0011808094484539273
0.0011835262464833362
0.0011862534761411542
0.0011889911935923205
0.0011917394553912295
0.001194498318485083
0.0011972678402171807
0.0012000480783303728
0.001202839090970363
0.0012056409366892529
0.0012084536744489391
0.0012112773636246876
0.001214112064008625
0.0012169578358133914
0.001219814739675655
0.0012226828366599123
0.0012255621882620452
0.001228452856413134
0.0012313549034832128
0.0012342683922850633
0.0012371933860780753
0.001240129948572153
0.001243078143931573
0.0012460380367790489
0.0012490096921996868
0.0012519931757450015
0.0012549885534371354
0.001257995891772817
0.0012610152577277154
0.0012640467187605066
0.0012670903428173034
0.0012701461983357653
0.0012732143542496799
0.0012762948799931659
0.0012793878455052527
0.0012824933212343174
0.001285611378142636
0.0012887420877109833
0.0012918855219432664
0.0012950417533711782
0.0012982108550590261
0.0013013929006084083
0.0013045879641631637
0.00130779612041411
0.0013110174446042133
0.001314252012533321
0.001317499900563439
0.0013207611856236796
0.0013240359452154978
0.0013273242574178958
0.0013306262008926835
0.0013339418548897444
0.0013372712992525734
0.0013406146144235777
0.0013439718814496097
0.0013473431819875535
0.0013507285983100053
0.0013541282133107677
0.001357542110510851
0.0013609703740640586
0.0013644130887630126
0.001367870340044947
0.0013713422139978778
0.0013748287973665738
0.0013783301775586656
0.0013818464426508838
0.0013853776813954085
0.0013889239832260343
0.0013924854382647781
0.0013960621373282208
0.001399654171934103
0.0014032616343080248
0.0014068846173900175
0.0014105232148414217
0.0014141775210517412
0.0014178476311454903
0.0014215336409893013
0.0014252356471989944
0.0014289537471466177
0.0014326880389679678
0.0014364386215695959
0.0014402055946365028
0.0014439890586394918
0.0014477891148427528
0.0014516058653116417
0.0014554394129202574
0.0014592898613595405
0.0014631573151449718
0.0014670418796247583
0.0014709436609878922
0.0014748627662723825
0.001478799303373569
0.0014827533810525344
0.0014867251089446362
0.0014907145975680076
0.0014947219583324302
0.0014987473035480055
0.0015027907464340805
0.0015068524011284444
0.0015109323826960814
0.0015150308071387477
0.0015191477914042442
0.0015232834533956178
0.0015274379119810458
0.0015316112870033456
0.0015358036992896948
0.0015400152706617485
0.0015442461239454158
0.001548496382981173
0.001552766172634314
0.0015570556188051832
0.001561364848439891
0.0015656939895407887
0.0015700431711773643
0.0015744125234969973
0.001578802177736124
0.0015832122662312684
0.001587642922430457
0.0015920942809045278
0.001596566477358829
0.0016010596486448155
0.001605573932772024
0.0016101094689199332
0.0016146663974502414
0.0016192448599190283
0.0016238449990894812
0.001628466958943987
0.0016331108846975501
0.00163777692281009
0.0016424652209999242
0.0016471759282568716
0.0016519091948556323
0.0016566651723693441
0.0016614440136835458
0.00166624587300965
0.0016710709058995114
0.0016759192692593697
0.0016807911213644043
0.0016856866218734486
0.0016906059318435673
0.0016955492137453454
0.0017005166314778299
0.001705508350384128
0.0017105245372667115
0.0017155653604035727
0.0017206309895638698
0.0017257215960242954
0.0017308373525853438
0.0017359784335881391
0.001741145014930987
0.0017463372740865576
0.0017515553901191795
0.0017567995437022283
0.0017620699171358673
0.0017673666943649896
0.0017726900609974674
0.0017780402043223926
0.0017834173133289555
0.001788821578725141
0.001794253192956963
0.0017997123502279087
0.0018051992465185481
0.0018107140796064553
0.0018162570490863428
0.0018218283563906582
0.0018274282048100915
0.0018330567995147908
0.0018387143475755183
0.0018444010579853206
0.001850117141681089
0.0018558628115662155
0.0018616382825326291
0.0018674437714835835
0.0018732794973570447
0.001879145681148611
0.0018850425459355372
0.0018909703169007917
0.0018969292213568594
0.0019029194887712972
0.0019089413507908735
0.0019149950412675211
0.0019210807962838602
0.0019271988541791657
0.001933349455575797
0.0019395328434064366
0.0019457492629403855
0.0019519989618119633
0.001958282190048009
0.0019645992000961775
0.001970950246853792
0.0019773355876970037
0.001983755482510035
0.0019902101937155935
0.0019966999863046554
0.0020032251278678703
0.0020097858886262386
0.0020163825414632884
0.0020230153619568148
0.0020296846284116347
0.00203639062189278
0.002043133626258718
0.0020499139281956865
0.0020567318172518686
0.0020635875858728008
0.0020704815294365652
0.002077413946289761
0.002084385137784506
0.0020913954083150083
0.002098445065355598
0.002105534419498424
0.002112663784492765
0.002119833477283977
0.002127043818053432
0.0021342951302590007
0.002141587740676257
0.0021489219794400606
0.00215629818008664
0.002163716679597145
0.0021711778184405656
0.0021786819406182495
0.002186229393709062
0.002193820528914367
0.0022014557011047586
0.002209135268867018
0.0022168595945514908
0.002224629044320525
0.002232443988198153
0.002240304800119228
0.002248211857980325
0.002256165543691603
0.002264166243228431
0.002272214346684701
0.002280310248326456
0.0022884543466471603
0.0022966470444222356
0.002304888748766476
0.002313179871190547
0.002321520827659642
0.00232991203865218
0.00233835392922025
0.002346846929049916
0.002355391472523959
0.0023639879987839957
0.0023726369517948548
0.002381338780409274
0.002390093938433788
0.0023989028846961792
0.002407766083112711
0.0024166840027580795
0.00242565711793516
0.0024346859082469336
0.002443770858668476
0.0024529124596209075
0.0024621112070467004
0.002471367602485287
0.0024806821531507097
0.0024900553720103194
0.0024994877778648956
0.002508979895429442
0.0025185322554162393
0.0025281453946188726
0.002537819855997226
0.002547556188764633
0.0025573549484759835
0.002567216697117621
0.002577142003198145
0.0025871314418418226
0.002597185594882474
0.0026073050509592805
0.002617490405614945
0.0026277422613941942
0.002638061227945011
0.0026484479221215436
0.0026589029680878324
0.0026694269974244333
0.0026800206492364064
0.0026906845702627923
0.0027014194149889634
0.0027122258457597066
0.002723104532895508
0.0027340561548095405
0.0027450813981281966
0.0027561809578121187
0.0027673555372810374
0.002778605848539218
0.0027899326123043172
0.002801336558137726
0.002812818424578269
0.0028243789592763352
0.0028360189191329785
0.0028477390704396525
0.0028595401890205777
0.0028714230603786306
0.002883388479843494
0.002895437252721666
0.0029075701944503325
0.0029197881307536414
0.0029320918978010726
0.0029444823423704584
0.0029569603220121867
0.00296952670521717
0.0029821823715884717
0.002994928212014872
0.003007765128848956
0.0030206940360878198
0.003033715859556717
0.0030468315370975113
0.003060042018759295
0.0030733482669931347
0.003086751256851044
0.0031002519761876507
0.003113851425866452
0.0031275506199700746
0.0031413505860135096
0.0031552523651634675
0.0031692570124596552
0.003183365597041646
0.0031975792023799994
0.003211898926512117
0.0032263258822813378
0.0032408611975827083
0.0032555060156118916
0.003270261495119942
0.0032851288106724025
0.003300109152914979
0.0033152037288417297
0.0033304137620715725
0.0033457404931287564
0.0033611851797287163
0.003376749097071064
0.0033924335381360147
0.00340823981399062
0.0034241692540964833
0.00344022320662833
0.0034564030387953084
0.0034727101371714174
0.003489145908031674
0.003505711777695205
0.003522409192875179
0.0035392396210367797
0.003556204550762589
0.00357330549212406
0.0035905439770627357
0.003607921559778788
0.0036254398171263694
0.003643100349020177
0.003660904778847474
0.0036788547538915985
0.003696951945762058
0.003715198050836316
0.0037335947907086
0.0037521439126504364
0.003770847190080154
0.0037897064230419187
0.0038087234386969732
0.0038279000918240865
0.0038472382653316414
0.0038667398707803867
0.003886406848918827
0.003906241170229363
0.003926244835486384
0.003946419876329102
0.003966768355843453
0.00398729236916026
0.004007994044065664
0.004028875541624721
0.004049939056820096
0.0040711868192056504
0.004092621093572431
0.004114244180634058
0.004136058417723744
0.004158066179510006
0.00418026987872813
0.00420267196692809
0.00422527493524152
0.004248081315164598
0.004271093679360453
0.0042943146424812405
0.004317746862007184
0.004341393039108601
0.004365255919526582
0.004389338294474112
0.004413643001561789
0.004438172925742039
0.0044629310002792
0.004487920207741718
0.004513143581018759
0.0045386042043616195
0.00456430521445143
0.0045902498014913
0.004616441210328495
0.0046428827416012675
0.004669577752916768
0.004696529660056206
0.004723741938213315
0.0047512181232603565
0.004778961813049455
0.00480697666874443
0.004835266416189308
0.004863834847308724
0.004892685821547305
0.004921823267343763
0.004951251183645729
0.004980973641461083
0.005010994785453177
0.005041318835573637
0.005071950088743722
0.005102892920574045
0.0051341517871355356
0.005165731226773119
0.005197635861971787
0.005229870401269268
0.005262439641222927
0.005295348468429754
0.005328601861599289
0.005362204893685955
0.005396162734078283
0.005430480650848178
0.005465164013064293
0.005500218293167812
0.0055356490694157615
0.005571462028392731
0.005607662967591624
0.005644257798071622
0.005681252547185557
0.0057186533613919005
0.005756466509141404
0.005794698383850985
0.005833355506960828
0.005872444531083835
0.005911972243241053
0.0059519455681991745
0.0059923715719010446
0.0060332574649991115
0.006074610606495008
0.00611643850748602
0.006158748835026246
0.0062015494160994715
0.006244848241719843
0.006288653471149431
0.006332973436248703
0.006377816645961821
0.006423191790935377
0.006469107748286374
0.0065155735865128584
0.006562598570563029
0.006610192167059906
0.006658364049694416
0.006707124104786824
0.0067564824370270025
0.006806449375399604
0.006857035479296999
0.00690825154483524
0.006960108611369029
0.007012617968226341
0.007065791161660528
0.007119640002031002
0.0071741765712284526
0.007229413230338533
0.007285362627573322
0.007342037706460716
0.00739945171431738
0.007457618211009181
0.007516551078009564
0.007576264527773189
0.0076367731134307695
0.007698091738825503
0.007760235668895278
0.007823220540425037
0.007887062373177755
0.00795177758142009
0.008017382985862841
0.00808389582602714
0.008151333773062937
0.008219714943029158
0.008289057910660088
0.008359381723642157
0.00843070591741237
0.008503050530512795
0.008576436120517146
0.00865088378055448
0.008726415156464459
0.008803052464597774
0.008880818510305057
0.008959736707134035
0.009039831096771794
0.009121126369764684
0.009203647887051311
0.009287421702341246
0.009372474585389081
0.009458834046192499
0.009546528360162988
0.009635586594320074
0.009726038634541094
0.00981791521393976
0.009911247942402125
0.010006069337353903
0.010102412855813002
0.01020031292778263
0.010299804991061234
0.010400925527531295
0.010503712101006918
0.010608203396702959
0.010714439262431307
0.010822460751588447
0.010932310168033364
0.011044031112960801
0.011157668533858684
0.011273268775666227
0.011390879634244356
0.011510550412284288
0.01163233197777508
0.011756276825176252
0.011882439139432316
0.012010874862987117
0.012141641765962774
0.012274799519671644
0.012410409773651038
0.01254853623641085
0.01268924476010936
0.01283260342937249
0.012978682654498445
0.013127555269291782
0.013279296633801544
0.013433984742250282
0.013591700336445134
0.01375252702501608
0.013916551408811461
0.014083863212828483
0.014254555425075565
0.014428724442789823
0.014606470226453517
0.014787896462115454
0.014973110732510604
0.015162224697550006
0.01535535428478786
0.01555261989047102
0.015754146591898104
0.01596006437180045
0.016170508355548337
0.01638561906202992
0.01660554266913065
0.016830431294783146
0.017060443294682745
0.017295743577779216
0.017536503940813374
0.01778290342322465
0.01803512868387332
0.018293374401140178
0.018557843698100453
0.018828748594588277
0.019106310488155132
0.01939076066604737
0.019682340850559414
0.019981303780281855
0.02028791383000736
0.020602447672288547
0.020925194983904896
0.021256459200810963
0.02159655832541889
0.021945825790480825
0.022304611384160268
0.022673282241387024
0.023052223907004628
0.023441841476805066
0.023842560823078836
0.02425482991202472
0.024679120221016388
0.025115928264594224
0.025565777238903915
0.02602921879532636
0.026506834955146132
0.02699924017836786
0.027507083601179098
0.028031051458110964
0.0285718697067415
0.029130306874703964
0.029707177151053508
0.030303343746476533
0.030919722549712637
0.03155728611072979
0.03221706798480091
0.03290016747576238
0.03360775482138223
0.03434107686907928
0.03510146329627765
0.035890333436626155
0.036709203781190566
0.037559696232827
0.03844354720237523
0.03936261764729169
0.04031890416726008
0.04131455128724751
0.04235186507717184
0.04343332827878862
0.044561617135659086
0.04573962015131539
0.04697045903511252
0.048257512135550844
0.049604440708288684
0.05101521842200419
0.05249416457156954
0.05404598154658955
0.05567579719711937
0.057389212850239686
0.059192357865507216
0.06109195177870637
0.0630953752785357
0.06521075149731663
0.06744703938473029
0.06981414128561304
0.07232302727481812
0.07498587933513769
0.07781625912453602
0.08082930390137974
0.08404195620576689
0.08747323419090586
0.09114455113903266
0.09508009478569247
0.09930727975439652
0.10385728985950296
0.1087657315261622
0.1140734254564859
0.11982737143132034
0.12608193146526347
0.13290029040167928
0.14035627183679616
0.14853661301294557
0.1575438379739911
0.16749991821839036
0.17855098092689944
0.19087342669760582
0.20468196732650365
0.22024031445611786
0.23787558214795987
0.2579979770793825
0.28112815140866293
0.3079358800585095
0.3392958434859754
0.37636988836686947
0.4207314221818758
0.4745589973166623
0.5409476969258801
0.6244297005436129
0.7318851521924248
0.8742258086030225
1.06972391222811
1.3511778064226447
1.78315113477182
2.510324415564885
3.9282038406022535
7.588752358702067
